kinematics:
  shoulder:
    x: 0
    y: 0
    z: 0.1624795684948457
    roll: -0
    pitch: 0
    yaw: -2.714962669405577e-07
  upper_arm:
    x: 0.0001201706323753405
    y: 0
    z: 0
    roll: 1.570857472197475
    pitch: 0
    yaw: 5.610087922167369e-07
  forearm:
    x: -0.4252287117703873
    y: 0
    z: 0
    roll: 3.1380636976996
    pitch: 3.140860902352934
    yaw: 3.141592215355085
  wrist_1:
    x: -0.3923792989616757
    y: -4.894527123617167e-05
    z: 0.1333633986125122
    roll: 0.0003670067615840992
    pitch: -0.000960904233241805
    yaw: 2.253827090890065e-06
  wrist_2:
    x: 5.937837940186732e-05
    y: -0.09970351308395353
    z: 3.110085018670392e-05
    roll: 1.570484393461597
    pitch: 0
    yaw: 1.203899309746702e-06
  wrist_3:
    x: 5.677498874132659e-06
    y: 0.0994901859223683
    z: 7.423117134541491e-05
    roll: 1.571542442171832
    pitch: 3.141592653589793
    yaw: -3.141592616326435
  hash: calib_3424076977766374122